12 34 12
43 45 23
78 54 98
78 87 98
98 76 98
89 98 100
96 95 94
87 85 85
94 93 87
91 94 92
91 90 12
34 54 76
87 87 87
64 76 87
98 75 98
89 98 100
96 95 94
87 85 85
94 93 87
91 94 92
91 90 12
34 54 76
91 94 92
91 90 12
34 54 76
87 87 87
64 76 87
98 75 98
89 98 100
96 95 94
67 76 79
89 75 95
86 65 90
87 75 46
90 98 97
92 93 94
67 76 79
89 75 95
86 65 90
87 75 46
90 98 97
92 93 94
89 75 95
86 65 90
87 75 46
90 98 97
92 93 94
67 76 79
89 75 95
86 65 90
87 75 46
87 87 87
64 76 87
98 75 98
89 98 100
96 95 94
67 76 79
89 75 95
86 65 90
94 93 87
91 94 92
91 90 12
34 54 76
91 94 92
91 90 12
34 54 76